         0
         0
         0
         0
         0
         1
         1
         1
         2
         2
         2
         3
         3
         4
         4
         5
         5
         6
         6
         7
         7
         8
         9
         9
        10
        11
        11
        12
        13
        14
        15
        15
        16
        17
        18
        19
        20
        21
        22
        23
        24
        25
        26
        27
        28
        29
        30
        31
        32
        33
        34
        35
        36
        37
        38
        39
        40
        41
        43
        44
        45
        46
        47
        48
        49
        51
        52
        53
        54
        55
        57
        58
        59
        60
        61
        63
        64
        65
        66
        68
        69
        70
        71
        73
        74
        75
        76
        78
        79
        80
        82
        83
        84
        85
        87
        88
        89
        91
        92
        93
        95
        96
        97
        99
       100
       101
       102
       104
       105
       106
       108
       109
       110
       112
       113
       114
       116
       117
       119
       120
       121
       123
       124
       125
       127
       128
       129
       131
       132
       133
       135
       136
       137
       139
       140
       141
       143
       144
       146
       147
       148
       150
       151
       152
       154
       155
       156
       158
       159
       161
       162
       163
       165
       166
       167
       169
       170
       172
       173
       174
       176
       177
       179
       180
       181
       183
       184
       185
       187
       188
       190
       191
       192
       194
       195
       196
       198
       199
       201
       202
       203
       205
       206
       208
       209
       210
       212
       213
       215
       216
       217
       219
       220
       221
       223
       224
       226
       227
       228
       230
       231
       233
       234
       235
       237
       238
       239
       241
       242
       244
       245
       246
       248
       249
       251
       252
       253
       255
       256
       258
       259
       260
       262
       263
       264
       266
       267
       269
       270
       271
       273
       274
       276
       277
       278
       280
       281
       283
       284
       285
       287
       288
       290
       291
       292
       294
       295
       297
       298
       299
       301
       302
       304
       305
       306
       308
       309
       311
       312
       313
       315
       316
       318
       319
       320
       322
       323
       325
       326
       327
       329
       330
       332
       333
       334
       336
       337
       339
       340
       341
       343
       344
       346
       347
       348
       350
       351
       353
       354
       356
       357
       358
       360
       361
       363
       364
       365
       367
       368
       370
       371
       372
       374
       375
       377
       378
       379
       381
       382
       384
       385
       386
       388
       389
       391
       392
       393
       395
       396
       398
       399
       400
       402
       403
       405
       406
       407
       409
       410
       412
       413
       414
       416
       417
       419
       420
       421
       423
       424
       426
       427
       428
       430
       431
       432
       434
       435
       437
       438
       439
       441
       442
       444
       445
       446
       448
       449
       450
       452
       453
       455
       456
       457
       459
       460
       462
       463
       464
       466
       467
       469
       470
       471
       473
       474
       476
       477
       478
       480
       481
       483
       484
       485
       487
       488
       490
       491
       492
       494
       495
       497
       498
       499
       501
       502
       504
       505
       506
       508
       509
       511
       512
       513
       515
       516
       518
       519
       520
       522
       523
       525
       526
       527
       529
       530
       532
       533
       534
       536
       537
       539
       540
       541
       543
       544
       546
       547
       548
       550
       551
       553
       554
       555
       557
       558
       560
       561
       562
       564
       565
       567
       568
       569
       571
       572
       574
       575
       576
       578
       579
       581
       582
       583
       585
       586
       588
       589
       590
       592
       593
       595
       596
       597
       599
       600
       602
       603
       604
       606
       607
       609
       610
       611
       613
       614
       616
       617
       618
       620
       621
       623
       624
       625
       627
       628
       630
       631
       632
       634
       635
       637
       638
       639
       641
       642
       644
       645
       646
       648
       649
       651
       652
       653
       655
       656
       658
       659
       660
       662
       663
       665
       666
       667
       669
       670
       672
       673
       674
       676
       677
       678
       680
       681
       683
       684
       685
       687
       688
       690
       691
       692
       694
       695
       697
       698
       699
       701
       702
       704
       705
       706
       708
       709
       711
       712
       713
       715
       716
       718
       719
       720
       722
       723
       725
       726
       727
       729
       730
       732
       733
       734
       736
       737
       739
       740
       741
       743
       744
       746
       747
       748
       750
       751
       753
       754
       755
       757
       758
       760
       761
       762
       764
       765
       767
       768
       770
       771
       772
       774
       775
       777
       778
       779
       781
       782
       784
       785
       786
       788
       789
       791
       792
       793
       795
       796
       797
       798
       800
       801
       802
       803
       804
       805
       806
       807
       808
       809
       810
       811
       812
       812
       813
       814
       815
       815
       816
       817
       818
       818
       819
       819
       820
       820
       821
       821
       822
       822
       823
       823
       824
       824
       825
       825
       825
       826
       826
       826
       827
       827
       827
       828
       828
       828
       828
       829
       829
       829
       829
       830
       830
       830
       830
       830
       831
       831
       831
       831
       831
       831
       831
       832
       832
       832
       832
       832
       832
       832
       832
       832
       832
       833
       833
       833
       833
       833
       833
       833
       833
       833
       833
       833
       833
       833
       833
       834
       834
       834
       834
       834
       834
       834
       834
       834
       834
       834
       834
       834
       834
       834
       834
       834
       834
       834
       834
       834
       834
       834
       834
       834
       834
       834
       834
       834
       834
       834
       834
       834
       834
       834
       833
       833
       833
       833
       833
       833
       833
       833
       833
       833
       833
       833
       833
       833
       833
       833
       833
       833
       833
       833
       833
       833
       833
       833
       833
       833
       833
       833
       833
       833
       833
       833
       833
       833
       833
       833
       833
       833
       833
       833
       833
       833
       833
       833
       833
       833
       833
       833
       833
       833
       833
       833
       833
       833
       833
       833
       833
       833
       833
       833
       833
       833
       833
       833
       833
       833
       833
       833
       833
       833
       833
