         0
         0
         0
         0
         0
         0
         1
         1
         1
         2
         2
         3
         4
         4
         5
         5
         6
         7
         8
         9
        10
        11
        12
        13
        14
        15
        16
        17
        18
        19
        20
        22
        23
        24
        25
        27
        28
        29
        31
        32
        34
        35
        37
        38
        39
        41
        42
        44
        46
        47
        49
        50
        52
        54
        55
        57
        59
        60
        62
        64
        65
        67
        69
        70
        72
        74
        76
        77
        79
        81
        83
        85
        86
        88
        90
        92
        94
        96
        97
        99
       101
       103
       105
       107
       109
       111
       113
       114
       116
       118
       120
       122
       124
       126
       128
       130
       132
       134
       136
       138
       140
       142
       143
       145
       147
       149
       151
       153
       155
       157
       159
       161
       163
       165
       167
       169
       172
       174
       176
       178
       180
       182
       184
       186
       188
       190
       192
       194
       196
       198
       200
       202
       204
       206
       208
       210
       212
       214
       216
       218
       220
       222
       224
       227
       229
       231
       233
       235
       237
       239
       240
       242
       244
       246
       247
       249
       251
       253
       255
       258
       260
       262
       264
       266
       268
       270
       272
       274
       276
       278
       280
       282
       285
       287
       289
       291
       293
       295
       297
       299
       301
       303
       305
       307
       310
       312
       314
       316
       318
       320
       322
       324
       326
       328
       330
       332
       335
       337
       339
       341
       343
       345
       347
       349
       351
       353
       355
       358
       360
       362
       364
       366
       368
       370
       372
       375
       377
       380
       382
       384
       386
       388
       390
       392
       394
       396
       398
       401
       403
       405
       407
       409
       411
       413
       415
       417
       420
       422
       424
       426
       428
       430
       433
       435
       437
       439
       442
       444
       446
       448
       449
       451
       453
       455
       457
       459
       462
       464
       466
       468
       470
       472
       474
       476
       478
       480
       483
       485
       487
       489
       491
       493
       495
       497
       499
       501
       504
       506
       508
       510
       512
       514
       516
       518
       520
       522
       524
       527
       529
       531
       533
       535
       537
       539
       541
       543
       545
       547
       549
       552
       554
       556
       558
       560
       562
       564
       566
       568
       570
       573
       575
       577
       579
       581
       583
       585
       587
       589
       592
       595
       597
       599
       601
       603
       605
       607
       609
       611
       613
       616
       618
       620
       622
       623
       625
       627
       629
       631
       633
       636
       638
       640
       642
       644
       646
       648
       650
       652
       654
       657
       659
       661
       663
       665
       667
       669
       671
       673
       675
       678
       680
       682
       684
       686
       688
       690
       692
       694
       696
       699
       701
       703
       705
       707
       709
       711
       713
       715
       717
       719
       722
       724
       726
       728
       730
       732
       734
       736
       738
       740
       742
       745
       747
       749
       751
       753
       755
       757
       759
       761
       763
       766
       768
       770
       772
       774
       776
       778
       780
       782
       784
       786
       789
       791
       793
       795
       797
       799
       801
       803
       805
       807
       809
       812
       814
       816
       818
       820
       822
       824
       826
       828
       830
       833
       835
       837
       839
       841
       843
       845
       847
       849
       851
       853
       856
       858
       860
       862
       864
       866
       868
       870
       872
       874
       877
       879
       881
       883
       885
       887
       889
       891
       893
       895
       897
       900
       902
       904
       906
       908
       910
       912
       914
       916
       918
       921
       923
       925
       927
       929
       931
       933
       935
       937
       939
       941
       944
       946
       948
       950
       952
       954
       956
       958
       960
       962
       965
       967
       969
       971
       973
       975
       977
       979
       981
       983
       985
       988
       990
       992
       994
       996
       998
      1000
      1002
      1004
      1006
      1008
      1010
      1013
      1015
      1017
      1019
      1021
      1024
      1026
      1028
      1030
      1032
      1034
      1037
      1039
      1041
      1043
      1045
      1047
      1049
      1051
      1053
      1055
      1057
      1060
      1062
      1064
      1066
      1068
      1070
      1072
      1074
      1076
      1078
      1081
      1083
      1085
      1087
      1089
      1091
      1093
      1095
      1097
      1099
      1101
      1104
      1106
      1108
      1110
      1112
      1114
      1116
      1118
      1120
      1122
      1124
      1127
      1129
      1131
      1133
      1135
      1137
      1139
      1141
      1143
      1145
      1148
      1150
      1152
      1154
      1156
      1158
      1160
      1162
      1164
      1166
      1169
      1171
      1173
      1175
      1177
      1179
      1181
      1183
      1185
      1187
      1189
      1191
      1193
      1195
      1197
      1198
      1200
      1202
      1203
      1205
      1206
      1208
      1210
      1211
      1212
      1214
      1215
      1217
      1218
      1219
      1220
      1221
      1222
      1224
      1225
      1226
      1227
      1227
      1228
      1229
      1230
      1231
      1232
      1233
      1233
      1234
      1235
      1236
      1236
      1237
      1238
      1238
      1239
      1239
      1240
      1240
      1241
      1241
      1242
      1242
      1243
      1243
      1244
      1244
      1245
      1245
      1245
      1246
      1246
      1246
      1247
      1247
      1247
      1247
      1248
      1248
      1248
      1249
      1249
      1249
      1249
      1249
      1250
      1250
      1250
      1250
      1250
      1250
      1251
      1251
      1251
      1251
      1251
      1251
      1251
      1252
      1252
      1252
      1252
      1252
      1252
      1252
      1252
      1252
      1252
      1252
      1253
      1253
      1253
      1253
      1253
      1253
      1253
      1253
      1253
      1253
      1253
      1253
      1253
      1253
      1253
      1253
      1253
      1253
      1253
      1253
      1253
      1253
      1253
      1253
      1253
      1253
      1253
      1253
      1253
      1253
      1253
      1253
      1253
      1253
      1253
      1253
      1253
      1253
      1253
      1253
      1253
      1253
      1253
      1253
      1253
      1253
      1253
      1253
      1253
      1253
      1253
      1253
      1253
      1253
      1253
      1253
      1253
      1253
      1253
      1253
      1253
      1253
      1253
      1253
      1253
      1253
      1253
      1253
      1253
      1253
      1253
      1253
      1253
      1253
      1253
      1253
      1253
      1253
      1253
      1253
      1253
      1253
      1253
      1253
      1253
      1253
      1253
      1253
      1253
      1253
      1253
      1253
      1253
      1253
      1253
      1253
      1253
      1253
      1253
      1253
      1253
