         0
         0
         0
         0
         0
         0
         1
         1
         1
         2
         2
         3
         3
         4
         5
         5
         6
         6
         7
         8
         9
         9
        10
        11
        12
        13
        14
        15
        16
        17
        18
        19
        20
        21
        22
        23
        24
        25
        27
        28
        29
        30
        31
        33
        34
        35
        36
        38
        39
        40
        42
        43
        44
        46
        47
        48
        50
        51
        53
        54
        55
        57
        58
        60
        61
        63
        64
        66
        67
        68
        70
        71
        73
        74
        76
        78
        79
        81
        82
        84
        85
        87
        88
        90
        91
        93
        95
        96
        98
        99
       101
       103
       104
       106
       107
       109
       111
       112
       114
       115
       117
       119
       120
       122
       124
       125
       127
       129
       130
       132
       134
       135
       137
       139
       140
       142
       144
       145
       147
       149
       150
       152
       154
       155
       157
       159
       160
       162
       164
       165
       167
       169
       170
       172
       174
       175
       177
       179
       180
       182
       184
       186
       187
       189
       191
       192
       194
       196
       198
       199
       201
       203
       204
       206
       208
       210
       211
       213
       215
       217
       218
       220
       222
       223
       225
       227
       229
       230
       232
       234
       236
       237
       239
       241
       242
       244
       246
       248
       249
       251
       253
       255
       256
       258
       260
       261
       263
       265
       267
       268
       270
       272
       274
       275
       277
       279
       281
       282
       284
       286
       288
       289
       291
       293
       295
       296
       298
       300
       301
       303
       305
       307
       308
       310
       312
       314
       315
       317
       319
       321
       322
       324
       326
       328
       329
       331
       333
       335
       336
       338
       340
       342
       343
       345
       347
       349
       350
       352
       354
       356
       357
       359
       361
       363
       364
       366
       368
       370
       371
       373
       375
       377
       378
       380
       382
       384
       385
       387
       389
       391
       392
       394
       396
       398
       399
       401
       403
       405
       406
       408
       410
       412
       413
       415
       417
       419
       420
       422
       424
       426
       427
       429
       431
       433
       434
       436
       438
       440
       441
       443
       445
       447
       448
       450
       452
       454
       455
       457
       459
       461
       462
       464
       466
       467
       469
       471
       473
       474
       476
       478
       480
       481
       483
       485
       487
       488
       490
       492
       494
       495
       497
       499
       501
       502
       504
       506
       508
       509
       511
       513
       515
       516
       518
       520
       522
       523
       525
       527
       529
       530
       532
       534
       536
       537
       539
       541
       543
       544
       546
       548
       550
       551
       553
       555
       557
       558
       560
       562
       564
       565
       567
       569
       571
       572
       574
       576
       578
       580
       581
       583
       585
       587
       588
       590
       592
       594
       595
       597
       599
       601
       602
       604
       606
       608
       609
       611
       613
       615
       616
       618
       620
       622
       623
       625
       627
       629
       630
       632
       634
       636
       637
       639
       641
       642
       644
       646
       648
       649
       651
       653
       655
       656
       658
       660
       662
       663
       665
       667
       669
       670
       672
       674
       676
       677
       679
       681
       683
       684
       686
       688
       690
       691
       693
       695
       697
       698
       700
       702
       704
       705
       707
       709
       711
       712
       714
       716
       718
       719
       721
       723
       725
       726
       728
       730
       732
       733
       735
       737
       739
       740
       742
       744
       746
       747
       749
       751
       753
       755
       756
       758
       760
       762
       763
       765
       767
       769
       770
       772
       774
       776
       777
       779
       781
       783
       784
       786
       788
       790
       791
       793
       795
       797
       798
       800
       802
       804
       805
       807
       809
       811
       812
       814
       816
       818
       819
       821
       823
       825
       826
       828
       830
       832
       833
       835
       837
       839
       840
       842
       844
       846
       847
       849
       851
       852
       854
       856
       858
       859
       861
       863
       865
       866
       868
       870
       872
       873
       875
       877
       879
       880
       882
       884
       886
       887
       889
       891
       893
       894
       896
       898
       899
       901
       903
       905
       906
       908
       910
       912
       914
       915
       917
       919
       921
       922
       924
       926
       928
       929
       931
       933
       935
       936
       938
       940
       942
       943
       945
       947
       949
       950
       952
       954
       956
       957
       959
       961
       963
       964
       966
       968
       970
       971
       973
       975
       977
       978
       980
       982
       984
       985
       987
       989
       991
       992
       994
       996
       997
       999
      1000
      1001
      1003
      1004
      1005
      1007
      1008
      1009
      1010
      1012
      1013
      1014
      1015
      1016
      1017
      1018
      1019
      1020
      1021
      1021
      1022
      1023
      1024
      1025
      1025
      1026
      1027
      1027
      1028
      1029
      1029
      1030
      1030
      1031
      1031
      1032
      1032
      1033
      1033
      1034
      1034
      1035
      1035
      1035
      1036
      1036
      1036
      1037
      1037
      1037
      1038
      1038
      1038
      1039
      1039
      1039
      1039
      1040
      1040
      1040
      1040
      1040
      1041
      1041
      1041
      1041
      1041
      1042
      1042
      1042
      1042
      1042
      1042
      1042
      1042
      1043
      1043
      1043
      1043
      1043
      1043
      1043
      1043
      1043
      1043
      1043
      1043
      1044
      1044
      1044
      1044
      1044
      1044
      1044
      1044
      1044
      1044
      1044
      1044
      1044
      1044
      1044
      1044
      1044
      1044
      1044
      1044
      1044
      1044
      1044
      1044
      1044
      1044
      1044
      1044
      1044
      1044
      1044
      1044
      1044
      1044
      1044
      1044
      1044
      1044
      1044
      1044
      1044
      1045
      1045
      1045
      1045
      1045
      1045
      1045
      1045
      1045
      1045
      1045
      1045
      1045
      1045
      1045
      1045
      1045
      1045
      1045
      1045
      1045
      1045
      1045
      1045
      1045
      1045
      1045
      1045
      1045
      1045
      1045
      1045
      1045
      1045
      1045
      1045
      1045
      1045
      1045
      1045
      1045
      1045
      1046
      1046
      1046
      1046
      1046
      1046
      1046
      1046
      1046
      1046
      1046
      1046
      1046
      1046
      1046
      1046
      1046
      1046
      1046
      1046
      1046
      1046
